camera_matrix:
- - 1367.8614608504372
  - 0.0
  - 304.68077268507625
- - 0.0
  - 1391.5644762963373
  - 68.10271937887735
- - 0.0
  - 0.0
  - 1.0
dist_coeff:
- - 0.21655345298590492
  - -2.516984279978521
  - -0.076876164922459
  - -0.006998712785566753
  - 23.71977405859253
